Latency		PacketCount		Average		Min		Max		75th%		80th%		85th%		90th%		95th%		99th%		999th%		9999th%
8:59

9:0

9:1

9:2

9:3

9:4

9:5

9:6

9:7

9:8

9:9

9:10

9:11

9:12

9:13

9:14

9:15
     MDDELAY      872000         700         401      253097           1000           1000           1000           1000           1000           1500           3500          11000
  TOTALDELAY      313364         444         244      216980            500           1000           1000           1000           1000           1500           2000          12000

9:16
     MDDELAY     7155272        8366         354    30430919           1000           1000           1000           1000           1500           2000           7500         100000
  TOTALDELAY     2632234         545         269      162064           1000           1000           1000           1000           1000           1500           2000          12000
DELAYWITHORDER      200244        1109         317       13967           1500           1500           1500           2000           2000           2500           8000          12500

9:17
     MDDELAY     9850470         775         402       17595           1000           1000           1000           1500           1500           2000           6000          10500
  TOTALDELAY     3602716         566         229       35701           1000           1000           1000           1000           1000           1500           2000          11500
DELAYWITHORDER      285071        1139         302       15432           1500           1500           1500           2000           2000           2500           7500          12500

9:18
     MDDELAY    10277754         768         376       27984           1000           1000           1000           1500           1500           2000           5500          10500
  TOTALDELAY     4181952         545         235       14556           1000           1000           1000           1000           1000           1500           2000          11000
DELAYWITHORDER      257152        1155         286       13106           1500           1500           1500           2000           2000           2500           7000          12000

9:19
     MDDELAY    10256514         771         378      138386           1000           1000           1000           1500           1500           2000           6000          10500
  TOTALDELAY     4357483         535         266       16553           1000           1000           1000           1000           1000           1500           2000          10500
DELAYWITHORDER      232871        1176         290       12547           1500           1500           1500           2000           2000           2500           7000          11500

9:20
     MDDELAY     9163181         784         363      132133           1000           1000           1000           1500           1500           2500           6000          10500
  TOTALDELAY     3719781         563         264       15196           1000           1000           1000           1000           1000           1500           2000          11000
DELAYWITHORDER      234752        1200         288       16150           1500           1500           2000           2000           2000           3000           7500          12000

9:21
     MDDELAY     8261364         773         389      140580           1000           1000           1000           1500           1500           2000           5500          10000
  TOTALDELAY     3337306         563         263       15504           1000           1000           1000           1000           1000           1500           2000          10500
DELAYWITHORDER      205253        1182         292       14474           1500           1500           1500           2000           2000           2500           7500          11500

9:22
     MDDELAY     8835763         796         405      119710           1000           1000           1000           1500           1500           2000           5500          10000
  TOTALDELAY     3458452         566         265       15188           1000           1000           1000           1000           1000           1500           2000          10500
DELAYWITHORDER      216901        1174         298       15208           1500           1500           1500           2000           2000           2500           7500          11500

9:23
     MDDELAY     7547232         766         175       86449           1000           1000           1000           1500           1500           2000           5500          10000
  TOTALDELAY     3121115         560         232       16081           1000           1000           1000           1000           1000           1500           2000          10500
DELAYWITHORDER      160179        1191         306       12542           1500           1500           1500           2000           2000           2500           8000          11500

9:24
     MDDELAY     7099271         779         385       20560           1000           1000           1000           1500           1500           2000           5500          10500
  TOTALDELAY     2875683         566         258       14378           1000           1000           1000           1000           1000           1500           2000          11000
DELAYWITHORDER      171709        1201         312       16483           1500           1500           1500           2000           2000           2500           8000          12500

9:25
     MDDELAY     7172153         796         408       26647           1000           1000           1000           1500           1500           2500           6000          10500
  TOTALDELAY     2967175         567         257       17094           1000           1000           1000           1000           1000           1500           2000          11000
DELAYWITHORDER      173745        1189         288       13831           1500           1500           1500           2000           2000           2500           7500          12500

9:26
     MDDELAY     8031706         790         396      132717           1000           1000           1000           1500           1500           2500           6000          10500
  TOTALDELAY     3188448         579         256       17821           1000           1000           1000           1000           1000           1500           2000          11500
DELAYWITHORDER      203890        1168         293       15858           1500           1500           1500           2000           2000           2500           8000          13000

9:27
     MDDELAY     8177583         782         391      133505           1000           1000           1000           1500           1500           2000           5500          10000
  TOTALDELAY     3243132         579         262       14558           1000           1000           1000           1000           1000           1500           2000          10500
DELAYWITHORDER      163501        1159         310       16489           1500           1500           1500           2000           2000           2500           7500          12000

9:28
     MDDELAY     8105615         766         356      127315           1000           1000           1000           1500           1500           2000           5500          10000
  TOTALDELAY     3281779         568         256       16350           1000           1000           1000           1000           1000           1500           2000          10500
DELAYWITHORDER      204412        1159         294       14816           1500           1500           1500           2000           2000           2500           8000          11500

9:29
     MDDELAY     6619826         788         376      152210           1000           1000           1000           1500           1500           2500           5500          10500
  TOTALDELAY     2635293         588         262       17795           1000           1000           1000           1000           1000           1500           2500          11500
DELAYWITHORDER      170593        1219         292       17638           1500           1500           2000           2000           2000           3000           9500          14000

9:30
     MDDELAY     6950634         807         349      164828           1000           1000           1000           1500           1500           2500           6500          11500
  TOTALDELAY     2678221         602         264       16742           1000           1000           1000           1000           1000           1500           2500          12500
DELAYWITHORDER      210092        1226         307       16458           1500           1500           2000           2000           2000           3000           9000          13500

9:31
     MDDELAY     7000417         792         383       22874           1000           1000           1000           1500           1500           2500           6000          11000
  TOTALDELAY     2752289         593         256       17833           1000           1000           1000           1000           1000           1500           2500          12000
DELAYWITHORDER      170020        1218         309       17546           1500           1500           2000           2000           2000           3000           9000          13500

9:32
     MDDELAY     6983353         817         402       16339           1000           1000           1000           1500           1500           2500           6000          11000
  TOTALDELAY     2717434         599         266       17169           1000           1000           1000           1000           1000           1500           2500          12000
DELAYWITHORDER      173997        1229         301       16500           1500           1500           2000           2000           2000           3000           9000          14000

9:33
     MDDELAY     5565971         795         386      187794           1000           1000           1000           1500           1500           2500           5500          10500
  TOTALDELAY     2223072         600         264       16321           1000           1000           1000           1000           1000           1500           2500          12000
DELAYWITHORDER      133896        1232         315       16908           1500           1500           2000           2000           2000           3000          10000          14000

9:34
     MDDELAY     6610891         797         401       19498           1000           1000           1000           1500           1500           2500           5500          10500
  TOTALDELAY     2505228         610         260       15643           1000           1000           1000           1000           1000           1500           2500          12000
DELAYWITHORDER      200636        1215         310       16291           1500           1500           2000           2000           2000           3000           8500          13000

9:35
     MDDELAY     7952987         802         390       19067           1000           1000           1000           1500           1500           2500           5500          11000
  TOTALDELAY     3083563         601         268       16581           1000           1000           1000           1000           1000           1500           2500          12000
DELAYWITHORDER      250296        1208         289       16332           1500           1500           1500           2000           2000           3000           8500          13500

9:36
     MDDELAY     6597458         786         358       19004           1000           1000           1000           1500           1500           2500           5500          10500
  TOTALDELAY     2637330         616         262       17077           1000           1000           1000           1000           1000           1500           2500          12000
DELAYWITHORDER      205046        1193         296       20901           1500           1500           1500           2000           2000           3000           9000          14500

9:37
     MDDELAY     7374897         803         389       19863           1000           1000           1000           1500           1500           2500           6000          11000
  TOTALDELAY     3011706         605         261       18221           1000           1000           1000           1000           1000           1500           2500          12000
DELAYWITHORDER      205431        1200         281       17251           1500           1500           1500           2000           2000           3000           8500          14000

9:38
     MDDELAY     6704326         788         388       20053           1000           1000           1000           1500           1500           2500           5500          10500
  TOTALDELAY     2653921         608         255       18633           1000           1000           1000           1000           1000           1500           2500          12000
DELAYWITHORDER      185119        1222         320       17358           1500           1500           2000           2000           2000           3000           9000          13500

9:39
     MDDELAY     7032723         796         383       23222           1000           1000           1000           1500           1500           2500           6000          11000
  TOTALDELAY     2860467         602         257       18358           1000           1000           1000           1000           1000           1500           2500          12000
DELAYWITHORDER      199721        1209         310       17514           1500           1500           2000           2000           2000           3000           8500          14500

9:40
     MDDELAY     8568199         811         407       19427           1000           1000           1000           1500           1500           2500           6500          11500
  TOTALDELAY     3284077         600         266       17771           1000           1000           1000           1000           1000           1500           2500          12000
DELAYWITHORDER      259995        1202         294       16139           1500           1500           2000           2000           2000           2500           8000          13500

9:41
     MDDELAY     7896759         793         341       24735           1000           1000           1000           1500           1500           2500           6000          11000
  TOTALDELAY     3146740         594         265       16803           1000           1000           1000           1000           1000           1500           2500          12000
DELAYWITHORDER      243445        1213         298       17754           1500           1500           2000           2000           2000           3000           8500          13500

9:42
     MDDELAY     7588823         829         396       19704           1000           1000           1000           1500           1500           2500           6000          11000
  TOTALDELAY     3115151         590         263       17040           1000           1000           1000           1000           1000           1500           2500          12000
DELAYWITHORDER      219580        1218         299       17453           1500           1500           2000           2000           2000           3000           8500          13500

9:43
     MDDELAY     8012018         798         364       18913           1000           1000           1000           1500           1500           2500           6000          11000
  TOTALDELAY     3128844         600         264       17612           1000           1000           1000           1000           1000           1500           2500          12500
DELAYWITHORDER      188208        1210         293       15517           1500           1500           2000           2000           2000           3000           8000          14000

9:44
     MDDELAY     6667844         810         360       22840           1000           1000           1000           1500           1500           2500           5500          10500
  TOTALDELAY     2627314         595         264       18297           1000           1000           1000           1000           1000           1500           2500          12500
DELAYWITHORDER      170433        1214         320       17483           1500           1500           2000           2000           2000           3000           8500          14000

9:45
     MDDELAY     6759115         807         369       18148           1000           1000           1000           1500           1500           2500           5500          10500
  TOTALDELAY     2774149         590         260       17386           1000           1000           1000           1000           1000           1500           2500          12000
DELAYWITHORDER      159479        1208         303       23879           1500           1500           2000           2000           2000           3000           8500          14000

9:46
     MDDELAY     7718956         816         373       20047           1000           1000           1000           1500           1500           2500           6000          11000
  TOTALDELAY     3019735         596         268       18805           1000           1000           1000           1000           1000           1500           2500          12500
DELAYWITHORDER      224629        1208         301       18134           1500           1500           2000           2000           2000           2500           8000          13500

9:47
     MDDELAY     7692969         817         348       17915           1000           1000           1000           1500           1500           2500           6000          11000
  TOTALDELAY     3110353         591         265       18187           1000           1000           1000           1000           1000           1500           2500          12500
DELAYWITHORDER      223336        1213         317       17437           1500           1500           2000           2000           2000           3000           8000          13500

9:48
     MDDELAY     8480312         811         388       25021           1000           1000           1000           1500           1500           2500           6000          11000
  TOTALDELAY     3372965         590         257       19987           1000           1000           1000           1000           1000           1500           2500          12000
DELAYWITHORDER      263529        1198         297       17559           1500           1500           2000           2000           2000           2500           8000          13500

9:49
     MDDELAY     8219536         813         366       18423           1000           1000           1000           1500           1500           2500           6000          11000
  TOTALDELAY     3168003         586         267       17945           1000           1000           1000           1000           1000           1500           2500          12000
DELAYWITHORDER      244935        1214         306       16961           1500           1500           2000           2000           2000           3000           7500          13000

9:50
     MDDELAY     7781106         811         375       26170           1000           1000           1000           1500           1500           2500           5500          11000
  TOTALDELAY     3146890         582         264       16140           1000           1000           1000           1000           1000           1500           2500          12000
DELAYWITHORDER      226864        1219         304       17807           1500           1500           2000           2000           2000           3000           8500          14000

9:51
     MDDELAY     7366122         820         402       19475           1000           1000           1000           1500           1500           2500           5500          11000
  TOTALDELAY     2825765         583         265       17208           1000           1000           1000           1000           1000           1500           2500          12000
DELAYWITHORDER      186247        1225         312       16719           1500           1500           2000           2000           2000           3000           8000          13500

9:52
     MDDELAY     7274271         799         371       19215           1000           1000           1000           1500           1500           2500           5500          10500
  TOTALDELAY     2853283         584         268       17147           1000           1000           1000           1000           1000           1500           2500          12000
DELAYWITHORDER      170041        1218         298       16756           1500           1500           2000           2000           2000           3000           8500          14000

9:53
     MDDELAY     6255013         807         395       19488           1000           1000           1000           1500           1500           2500           7000          11500
  TOTALDELAY     2538558         591         266       19108           1000           1000           1000           1000           1000           1500           2500          12500
DELAYWITHORDER      140204        1240         313       16130           1500           1500           2000           2000           2000           3000           8500          13500

9:54
     MDDELAY     6104339         773         358       18610           1000           1000           1000           1500           1500           2500           5500          10500
  TOTALDELAY     2431481         579         266       17427           1000           1000           1000           1000           1000           1500           2500          12000
DELAYWITHORDER      134895        1234         327       17561           1500           1500           2000           2000           2000           3000           9000          14500

9:55
     MDDELAY     5823331         803         375       17105           1000           1000           1000           1500           1500           2500           5500          10500
  TOTALDELAY     2278094         587         264       16926           1000           1000           1000           1000           1000           1500           2500          12000
DELAYWITHORDER      156977        1249         304       16595           1500           1500           2000           2000           2000           3000           9000          14000

9:56
     MDDELAY     5752553         798         328       22953           1000           1000           1000           1500           1500           2500           5500          11000
  TOTALDELAY     2236845         589         264       16248           1000           1000           1000           1000           1000           1500           2500          12500
DELAYWITHORDER      149493        1266         312       16700           1500           1500           2000           2000           2500           3000           9000          14500

9:57
     MDDELAY     6286609         826         405       28756           1000           1000           1000           1500           1500           2500           5500          11000
  TOTALDELAY     2481700         594         263       16727           1000           1000           1000           1000           1000           1500           2500          12500
DELAYWITHORDER      179639        1232         321       17082           1500           1500           2000           2000           2000           3000           8500          14000

9:58
     MDDELAY     6897673         798         368       18881           1000           1000           1000           1500           1500           2500           5500          11000
  TOTALDELAY     2631594         610         260       17570           1000           1000           1000           1000           1000           1500           2500          12500
DELAYWITHORDER      205348        1226         311       16619           1500           1500           2000           2000           2000           3000           8500          14000

9:59
     MDDELAY     5436142         807         376       17917           1000           1000           1000           1500           1500           2500           5500          10500
  TOTALDELAY     2062582         603         266       18653           1000           1000           1000           1000           1000           1500           2500          12500
DELAYWITHORDER      137915        1248         296       18783           1500           1500           2000           2000           2000           3000           9500          14500

10:0
     MDDELAY     6572992         809         399       21724           1000           1000           1000           1500           1500           2500           6000          11000
  TOTALDELAY     2650124         602         266       17009           1000           1000           1000           1000           1000           1500           2500          12500
DELAYWITHORDER      159462        1224         309       17983           1500           1500           2000           2000           2000           3000           8500          14500

10:1
     MDDELAY     6060753         812         392       19318           1000           1000           1000           1500           1500           2500           6000          11500
  TOTALDELAY     2315646         607         267       18034           1000           1000           1000           1000           1000           1500           2500          12500
DELAYWITHORDER      152149        1242         334       19369           1500           1500           2000           2000           2000           3000           9000          14000

10:2
     MDDELAY     7345542         814         396       18966           1000           1000           1000           1500           1500           2500           5500          11000
  TOTALDELAY     2819068         596         256       17648           1000           1000           1000           1000           1000           1500           2500          12500
DELAYWITHORDER      180141        1227         315       18737           1500           1500           2000           2000           2000           3000           8500          14000

10:3
     MDDELAY     6821003         798         376       24115           1000           1000           1000           1500           1500           2500           5500          11000
  TOTALDELAY     2612322         589         258       17941           1000           1000           1000           1000           1000           1500           2500          12500
DELAYWITHORDER      177960        1235         310       16966           1500           1500           2000           2000           2000           3000           8500          14000

10:4
     MDDELAY     6435077         814         409       21822           1000           1000           1000           1500           1500           2500           5500          10500
  TOTALDELAY     2565460         587         261       18276           1000           1000           1000           1000           1000           1500           2500          12000
DELAYWITHORDER      160728        1227         304       20326           1500           1500           2000           2000           2000           3000           8500          14000

10:5
     MDDELAY     5719097         814         388       16691           1000           1000           1000           1500           1500           2500           5500          10500
  TOTALDELAY     2201766         596         263       17014           1000           1000           1000           1000           1000           1500           2500          12500
DELAYWITHORDER      125047        1247         312       18788           1500           1500           2000           2000           2000           3000          10000          14500

10:6
     MDDELAY     5741828         810         402       16816           1000           1000           1000           1500           1500           2500           5000          10500
  TOTALDELAY     2176131         584         259       17036           1000           1000           1000           1000           1000           1500           2500          12500
DELAYWITHORDER      120276        1242         305       22276           1500           1500           2000           2000           2000           3000          10500          15500

10:7
     MDDELAY     5892846         798         382       21306           1000           1000           1000           1500           1500           2500           5500          11000
  TOTALDELAY     2246851         589         268       17149           1000           1000           1000           1000           1000           1500           2500          12500
DELAYWITHORDER      144028        1245         300       16195           1500           1500           2000           2000           2000           3000           9000          14000

10:8
     MDDELAY     5716606         807         392       21543           1000           1000           1000           1500           1500           2500           5500          10500
  TOTALDELAY     2232789         588         265       18659           1000           1000           1000           1000           1000           1500           2500          12000
DELAYWITHORDER      113966        1255         318       17821           1500           1500           2000           2000           2500           3000           9500          14000

10:9
     MDDELAY     6182075         790         358       16801           1000           1000           1000           1500           1500           2500           5500          10500
  TOTALDELAY     2520486         572         253       17136           1000           1000           1000           1000           1000           1500           2500          12000
DELAYWITHORDER      125238        1251         313       17261           1500           1500           2000           2000           2000           3000           8500          13500

10:10
     MDDELAY     7415860         804         401       19603           1000           1000           1000           1500           1500           2500           5500          10500
  TOTALDELAY     2972348         570         260       15639           1000           1000           1000           1000           1000           1500           2500          11500
DELAYWITHORDER      170323        1246         302       17628           1500           1500           2000           2000           2000           3000           8500          13500

10:11
     MDDELAY     7239943         799         397       18893           1000           1000           1000           1500           1500           2500           5500          10500
  TOTALDELAY     2839070         573         260       16013           1000           1000           1000           1000           1000           1500           2500          12000
DELAYWITHORDER      144486        1256         322       15690           1500           1500           2000           2000           2000           3000           8500          14000

10:12
     MDDELAY     6325739         796         400       17308           1000           1000           1000           1500           1500           2500           5500          10500
  TOTALDELAY     2578767         568         263       17109           1000           1000           1000           1000           1000           1500           2500          12000
DELAYWITHORDER      140723        1256         283       17169           1500           1500           2000           2000           2000           3000           9000          13500

10:13
     MDDELAY     5393419         797         403       26549           1000           1000           1000           1500           1500           2500           5500          10000
  TOTALDELAY     2123651         583         266       20422           1000           1000           1000           1000           1000           1500           2500          12000
DELAYWITHORDER       76912        1274         320       21039           1500           1500           2000           2000           2500           3000           9000          15500

10:14
     MDDELAY     4297980         783         375       17422           1000           1000           1000           1500           1500           2500           5500          10500
  TOTALDELAY     1679375         581         267       18860           1000           1000           1000           1000           1000           2000           3000          12500
DELAYWITHORDER       65514        1323         310       18772           1500           2000           2000           2000           2500           3500          11000          16000

10:15
     MDDELAY     3659016         804         381       17106           1000           1000           1000           1500           1500           2500           6000          10500
  TOTALDELAY     1447397         595         261       16903           1000           1000           1000           1000           1000           2000           3500          12500
DELAYWITHORDER       82546        1316         293       19250           1500           2000           2000           2000           2500           3500          11500          15500

10:16
     MDDELAY     4337869         784         374       21704           1000           1000           1000           1500           1500           2500           5500          10000
  TOTALDELAY     1721099         576         264       16900           1000           1000           1000           1000           1000           1500           3000          12500
DELAYWITHORDER       91638        1284         316       17554           1500           2000           2000           2000           2500           3000          11000          14500

10:17
     MDDELAY     5409127         807         403       16215           1000           1000           1000           1500           1500           2500           5500          10500
  TOTALDELAY     2164132         581         269       17333           1000           1000           1000           1000           1000           1500           2500          12000
DELAYWITHORDER      127861        1259         331       19980           1500           1500           2000           2000           2000           3000           9000          14000

10:18
     MDDELAY     4652816         790         373       16230           1000           1000           1000           1500           1500           2500           5500          10000
  TOTALDELAY     1949372         580         259       17879           1000           1000           1000           1000           1000           1500           3000          12000
DELAYWITHORDER       80911        1271         318       16642           1500           1500           2000           2000           2500           3000          10500          14500

10:19
     MDDELAY     4707250         802         398       17099           1000           1000           1000           1500           1500           2500           5500          10000
  TOTALDELAY     1947402         580         264       16807           1000           1000           1000           1000           1000           1500           2500          12000
DELAYWITHORDER       92413        1269         317       17108           1500           1500           2000           2000           2500           3000          11500          15000

10:20
     MDDELAY     4968843         780         367       16128           1000           1000           1000           1500           1500           2500           5000          10000
  TOTALDELAY     1961166         582         267       16348           1000           1000           1000           1000           1000           1500           2500          12000
DELAYWITHORDER       95094        1252         305       17894           1500           1500           2000           2000           2000           3000           9500          14000

10:21
     MDDELAY     5890077         810         374       20128           1000           1000           1000           1500           1500           2500           7500          11500
  TOTALDELAY     2408956         590         262       19036           1000           1000           1000           1000           1000           1500           2500          12000
DELAYWITHORDER      120840        1262         314       18794           1500           1500           2000           2000           2000           3000           9000          13500

10:22
     MDDELAY     4960092         760         344       18869           1000           1000           1000           1500           1500           2500           5500          10000
  TOTALDELAY     1923279         570         264       17374           1000           1000           1000           1000           1000           1500           2500          12000
DELAYWITHORDER      107134        1284         323       16426           1500           2000           2000           2000           2500           3000          10500          14000

10:23
     MDDELAY     3643031         803         384       24026           1000           1000           1000           1500           1500           2500           6000          10500
  TOTALDELAY     1443751         586         266       15973           1000           1000           1000           1000           1000           1500           3000          12500
DELAYWITHORDER       82204        1295         320       15558           1500           2000           2000           2000           2500           3500          11000          14500

10:24
     MDDELAY     7151697         812         399       24313           1000           1000           1000           1500           1500           2500           6000          10500
  TOTALDELAY     2865840         584         259       16143           1000           1000           1000           1000           1000           1500           2500          12000
DELAYWITHORDER      161850        1250         286       18494           1500           1500           2000           2000           2000           3000           8500          13500

10:25
     MDDELAY     7579341         796         352       24936           1000           1000           1000           1500           1500           2500           5500          11000
  TOTALDELAY     3060525         588         262       17076           1000           1000           1000           1000           1000           1500           2500          12000
DELAYWITHORDER      196879        1221         298       17284           1500           1500           2000           2000           2000           3000           8000          14000

10:26
     MDDELAY     6637700         806         406       17374           1000           1000           1000           1500           1500           2500           5500          11000
  TOTALDELAY     2602412         597         265       17248           1000           1000           1000           1000           1000           1500           2500          12000
DELAYWITHORDER      164910        1212         308       21340           1500           1500           2000           2000           2000           3000           8500          14000

10:27
     MDDELAY     6380433         802         391       27739           1000           1000           1000           1500           1500           2500           5500          10500
  TOTALDELAY     2429010         608         263       17041           1000           1000           1000           1000           1000           1500           2500          12000
DELAYWITHORDER      175655        1222         315       18304           1500           1500           2000           2000           2000           3000           9000          14000

10:28
     MDDELAY     6024565         803         391       18749           1000           1000           1000           1500           1500           2500           5500          10500
  TOTALDELAY     2358985         609         266       17307           1000           1000           1000           1000           1000           1500           2500          12000
DELAYWITHORDER      187755        1224         312       17470           1500           1500           2000           2000           2000           3000           9000          14000

10:29
     MDDELAY     5449870         802         378       19452           1000           1000           1000           1500           1500           2500           5500          10500
  TOTALDELAY     2116414         611         266       17894           1000           1000           1000           1000           1000           1500           2500          12000
DELAYWITHORDER      169426        1219         289       17699           1500           1500           2000           2000           2000           3000           9500          14500

10:30
     MDDELAY     6768767         804         394       19483           1000           1000           1000           1500           1500           2500           6000          11000
  TOTALDELAY     2757449         593         265       16986           1000           1000           1000           1000           1000           1500           2500          12000
DELAYWITHORDER      215518        1207         300       17259           1500           1500           2000           2000           2000           2500           8000          13000

10:31
     MDDELAY     6449124         797         394       18671           1000           1000           1000           1500           1500           2500           5500          11000
  TOTALDELAY     2550942         599         260       17891           1000           1000           1000           1000           1000           1500           2500          12500
DELAYWITHORDER      196835        1208         319       17538           1500           1500           2000           2000           2000           3000           8500          14000

10:32
     MDDELAY     6460356         800         387       19826           1000           1000           1000           1500           1500           2500           5500          10500
  TOTALDELAY     2468342         601         258       17070           1000           1000           1000           1000           1000           1500           2500          12500
DELAYWITHORDER      205557        1209         323       17622           1500           1500           2000           2000           2000           3000           9000          14000

10:33
     MDDELAY     6105069         802         407       20999           1000           1000           1000           1500           1500           2500           5500          10500
  TOTALDELAY     2354276         607         262       19581           1000           1000           1000           1000           1000           1500           2500          12500
DELAYWITHORDER      187009        1214         286       20447           1500           1500           2000           2000           2000           3000           9000          14500

10:34
     MDDELAY     7419271         799         408       17403           1000           1000           1000           1500           1500           2500           5500          11000
  TOTALDELAY     2907403         601         264       18004           1000           1000           1000           1000           1000           1500           2500          12500
DELAYWITHORDER      215350        1200         322       17163           1500           1500           1500           2000           2000           2500           8000          13500

10:35
     MDDELAY     7374493         798         390       16794           1000           1000           1000           1500           1500           2500           6000          11000
  TOTALDELAY     2864135         600         267       19110           1000           1000           1000           1000           1000           1500           2500          12500
DELAYWITHORDER      217561        1206         309       17705           1500           1500           1500           2000           2000           2500           8500          13500

10:36
     MDDELAY     6102272         804         389       17861           1000           1000           1000           1500           1500           2500           6000          11000
  TOTALDELAY     2403600         611         262       18917           1000           1000           1000           1000           1000           1500           2500          12500
DELAYWITHORDER      162508        1216         311       20333           1500           1500           1500           2000           2000           3000           9000          14500

10:37
     MDDELAY     5086583         793         381       19462           1000           1000           1000           1500           1500           2500           5500          10500
  TOTALDELAY     2031661         612         264       17417           1000           1000           1000           1000           1000           1500           2500          12500
DELAYWITHORDER      140844        1233         312       18334           1500           1500           2000           2000           2000           3000           9500          15500

10:38
     MDDELAY     4783440         796         358       16246           1000           1000           1000           1500           1500           2500           5500          10500
  TOTALDELAY     1849848         609         267       17236           1000           1000           1000           1000           1000           1500           2500          12500
DELAYWITHORDER      135142        1249         299       18420           1500           1500           2000           2000           2000           3000          10500          15000

10:39
     MDDELAY     4031443         804         382       19212           1000           1000           1000           1500           1500           2500           5500          10500
  TOTALDELAY     1533523         622         261       19109           1000           1000           1000           1000           1000           1500           3000          13500
DELAYWITHORDER      100494        1277         320       18675           1500           1500           2000           2000           2500           3500          12000          16000

10:40
     MDDELAY     4665336         817         389       16961           1000           1000           1000           1500           1500           2500           6000          10500
  TOTALDELAY     1894302         599         260       17929           1000           1000           1000           1000           1000           1500           2500          13000
DELAYWITHORDER      128128        1238         315       17918           1500           1500           2000           2000           2000           3000          10500          15500

10:41
     MDDELAY     6849311         789         368       18622           1000           1000           1000           1500           1500           2500           5500          10500
  TOTALDELAY     2719636         601         260       18123           1000           1000           1000           1000           1000           1500           2500          12500
DELAYWITHORDER      224869        1197         306       17774           1500           1500           1500           2000           2000           2500           8000          13500

10:42
     MDDELAY     6062742         796         394       18245           1000           1000           1000           1500           1500           2500           5500          10500
  TOTALDELAY     2476081         600         265       18937           1000           1000           1000           1000           1000           1500           2500          12500
DELAYWITHORDER      164071        1201         318       17490           1500           1500           1500           2000           2000           3000           8500          14500

10:43
     MDDELAY     4779512         802         389       25334           1000           1000           1000           1500           1500           2500           5500          10500
  TOTALDELAY     1893220         607         266       18972           1000           1000           1000           1000           1000           1500           2500          12500
DELAYWITHORDER      123869        1238         300       17713           1500           1500           2000           2000           2000           3000          10000          15500

10:44
     MDDELAY     4831259         813         421       24022           1000           1000           1000           1500           1500           2500           6500          11000
  TOTALDELAY     1925642         598         265       17810           1000           1000           1000           1000           1000           1500           2500          12500
DELAYWITHORDER      140925        1252         309       20021           1500           1500           2000           2000           2500           3000          10000          15000

10:45
     MDDELAY     6345387         790         391       17486           1000           1000           1000           1500           1500           2500           5500          10500
  TOTALDELAY     2577417         596         263       19419           1000           1000           1000           1000           1000           1500           2500          12500
DELAYWITHORDER      173862        1213         309       17680           1500           1500           2000           2000           2000           3000           9000          14500

10:46
     MDDELAY     6271231         800         403       22285           1000           1000           1000           1500           1500           2500           5000          10500
  TOTALDELAY     2432843         597         265       16894           1000           1000           1000           1000           1000           1500           2500          12500
DELAYWITHORDER      171545        1230         305       17567           1500           1500           2000           2000           2000           3000           8500          14500

10:47
     MDDELAY     5876183         782         377       18730           1000           1000           1000           1500           1500           2500           5500          10500
  TOTALDELAY     2413847         587         267       16788           1000           1000           1000           1000           1000           1500           2500          12500
DELAYWITHORDER      159142        1218         303       17796           1500           1500           2000           2000           2000           3000           8500          15000

10:48
     MDDELAY     5783729         784         390       18524           1000           1000           1000           1500           1500           2500           5500          10500
  TOTALDELAY     2352875         589         256       16536           1000           1000           1000           1000           1000           1500           2500          12500
DELAYWITHORDER      168063        1221         307       17789           1500           1500           2000           2000           2000           3000           8000          13500

10:49
     MDDELAY     4930220         768           1       18146           1000           1000           1000           1500           1500           2500           5500          10500
  TOTALDELAY     1936702         602         262       19363           1000           1000           1000           1000           1000           1500           2500          12500
DELAYWITHORDER      140791        1242         309       20289           1500           1500           2000           2000           2000           3000          10000          14000

10:50
     MDDELAY     5423446         797           6       17730           1000           1000           1000           1500           1500           2500           5500          10500
  TOTALDELAY     2175128         600         269       17153           1000           1000           1000           1000           1000           1500           2500          12500
DELAYWITHORDER      164112        1235         315       22386           1500           1500           2000           2000           2000           3000          10000          14500

10:51
     MDDELAY     6429077         800         386       15781           1000           1000           1000           1500           1500           2500           5500          11000
  TOTALDELAY     2537745         606         266       19562           1000           1000           1000           1000           1000           1500           2500          12500
DELAYWITHORDER      201029        1221         301       17456           1500           1500           2000           2000           2000           3000           9000          14000

10:52
     MDDELAY     6266087         793         399       17341           1000           1000           1000           1500           1500           2500           5500          10500
  TOTALDELAY     2497931         594         265       16817           1000           1000           1000           1000           1000           1500           2500          12500
DELAYWITHORDER      187690        1225         291       17896           1500           1500           2000           2000           2000           3000           8500          14000

10:53
     MDDELAY     4097146         798         393       17833           1000           1000           1000           1500           1500           2500           5500          10500
  TOTALDELAY     1618481         600         268       17538           1000           1000           1000           1000           1000           1500           3000          13000
DELAYWITHORDER      112662        1265         304       17201           1500           1500           2000           2000           2500           3000          11000          15500

10:54
     MDDELAY     5093426         792         389       23087           1000           1000           1000           1500           1500           2500           5500          10500
  TOTALDELAY     2064432         600         260       17273           1000           1000           1000           1000           1000           1500           2500          13000
DELAYWITHORDER      126968        1227         312       17845           1500           1500           2000           2000           2000           3000          10000          15500

10:55
     MDDELAY     6582370         793         373       27828           1000           1000           1000           1500           1500           2500           6000          11000
  TOTALDELAY     2733572         582         260       16901           1000           1000           1000           1000           1000           1500           2500          12500
DELAYWITHORDER      176517        1221         302       18629           1500           1500           2000           2000           2000           3000           8500          14000

10:56
     MDDELAY     5303974         791         405       18598           1000           1000           1000           1500           1500           2500           5500          10500
  TOTALDELAY     2161946         588         267       18385           1000           1000           1000           1000           1000           1500           2500          12500
DELAYWITHORDER      146626        1256         316       18636           1500           1500           2000           2000           2000           3000           9000          14500

10:57
     MDDELAY     4791824         800         407       18480           1000           1000           1000           1500           1500           2500           5000          10500
  TOTALDELAY     1936266         589         263       18911           1000           1000           1000           1000           1000           1500           2500          12500
DELAYWITHORDER      131073        1281         307       17456           1500           2000           2000           2000           2500           3000          10500          15000

10:58
     MDDELAY     5929926         786         394       17479           1000           1000           1000           1500           1500           2500           5500          10500
  TOTALDELAY     2452875         587         266       18475           1000           1000           1000           1000           1000           1500           2500          12500
DELAYWITHORDER      176090        1234         312       18344           1500           1500           2000           2000           2000           3000           9000          15000

10:59
     MDDELAY     5533369         801         386       21098           1000           1000           1000           1500           1500           2500           5500          10500
  TOTALDELAY     2268370         583         263       18507           1000           1000           1000           1000           1000           1500           2500          12000
DELAYWITHORDER      137683        1242         316       16106           1500           1500           2000           2000           2000           3000           9000          13500

11:0
     MDDELAY     5182818         794         399       18511           1000           1000           1000           1500           1500           2500           5500          10500
  TOTALDELAY     2117148         598         258       18641           1000           1000           1000           1000           1000           1500           2500          13000
DELAYWITHORDER      162513        1234         309       19156           1500           1500           2000           2000           2000           3000           8500          15500

11:1
     MDDELAY     5326427         799         406       20543           1000           1000           1000           1500           1500           2500           5500          10500
  TOTALDELAY     2099010         593         265       18318           1000           1000           1000           1000           1000           1500           2500          12500
DELAYWITHORDER      147307        1246         310       18690           1500           1500           2000           2000           2000           3000           9000          14500

11:2
     MDDELAY     7403370         797         398       22536           1000           1000           1000           1500           1500           2500           7000          11500
  TOTALDELAY     2930549         596         260       19074           1000           1000           1000           1000           1000           1500           2500          12500
DELAYWITHORDER      205250        1213         312       18022           1500           1500           2000           2000           2000           2500           8500          14000

11:3
     MDDELAY     5438714         781         373       17660           1000           1000           1000           1500           1500           2500           5500          10500
  TOTALDELAY     2049233         596         267       18079           1000           1000           1000           1000           1000           1500           2500          12500
DELAYWITHORDER      143643        1241         297       17014           1500           1500           2000           2000           2000           3000           9500          15000

11:4
     MDDELAY     4924266         789         399       16522           1000           1000           1000           1500           1500           2500           5000          10500
  TOTALDELAY     1848911         604         261       18443           1000           1000           1000           1000           1000           1500           3000          12500
DELAYWITHORDER      120837        1260         322       18537           1500           1500           2000           2000           2000           3000          11000          14500

11:5
     MDDELAY     4545106         798         385       19133           1000           1000           1000           1500           1500           2500           5000          10000
  TOTALDELAY     1747295         602         263       18343           1000           1000           1000           1000           1000           1500           3000          12500
DELAYWITHORDER      107322        1253         324       18748           1500           1500           2000           2000           2000           3000          11000          15500

11:6
     MDDELAY     4707740         796         380       18821           1000           1000           1000           1500           1500           2500           5500          10500
  TOTALDELAY     1875454         598         260       17073           1000           1000           1000           1000           1000           1500           2500          12500
DELAYWITHORDER      119282        1234         317       18723           1500           1500           2000           2000           2000           3000          10000          15500

11:7
     MDDELAY     4359433         783         378       16549           1000           1000           1000           1500           1500           2500           5500          10000
  TOTALDELAY     1671948         610         259       16720           1000           1000           1000           1000           1000           1500           3000          13000
DELAYWITHORDER      118550        1242         304       18181           1500           1500           2000           2000           2000           3000          11000          16000

11:8
     MDDELAY     3577724         814         397       19130           1000           1000           1000           1500           1500           2500           5500          10500
  TOTALDELAY     1400920         623         259       17404           1000           1000           1000           1000           1000           1500           3000          13000
DELAYWITHORDER       98995        1252         316       18402           1500           1500           2000           2000           2500           3500          12000          16000

11:9
     MDDELAY     3525890         790         379       16329           1000           1000           1000           1500           1500           2500           5500          10000
  TOTALDELAY     1414228         620         257       17083           1000           1000           1000           1000           1000           1500           3500          13000
DELAYWITHORDER       62136        1260         320       16930           1500           1500           2000           2000           2500           3500          11500          15500

11:10
     MDDELAY     4780817         799         400       20583           1000           1000           1000           1500           1500           2500           5500          10000
  TOTALDELAY     1959736         598         265       19208           1000           1000           1000           1000           1000           1500           2500          12500
DELAYWITHORDER      125027        1219         317       18643           1500           1500           2000           2000           2000           3000           8500          14000

11:11
     MDDELAY     4863852         802         399       23201           1000           1000           1000           1500           1500           2500           6500          11000
  TOTALDELAY     1912753         596         261       18842           1000           1000           1000           1000           1000           1500           2500          12500
DELAYWITHORDER      137486        1239         305       17622           1500           1500           2000           2000           2000           3000          10500          15000

11:12
     MDDELAY     3597752         795         382       18714           1000           1000           1000           1500           1500           2500           6500          10500
  TOTALDELAY     1465279         594         264       18622           1000           1000           1000           1000           1000           1500           3000          13000
DELAYWITHORDER       87409        1273         315       17373           1500           1500           2000           2000           2500           3500          12000          16000

11:13
     MDDELAY     4075455         777         372       17365           1000           1000           1000           1500           1500           2500           6000          10500
  TOTALDELAY     1660416         589         263       17572           1000           1000           1000           1000           1000           1500           3000          12500
DELAYWITHORDER      117519        1250         306       18118           1500           1500           2000           2000           2000           3000          11000          16000

