Latency		PacketCount		Average		Min		Max		75th%		80th%		85th%		90th%		95th%		99th%		999th%		9999th%
9:42

9:43
     MDDELAY     8233961804853218689         3331746591148148881498           1000           1000           1000           1000           1000           1500         100000         100000
  TOTALDELAY     3377358         326         151      139807            500            500            500            500            500           1000           1000           6500

9:44
     MDDELAY     6871941         589         338        6844           1000           1000           1000           1000           1000           1500           1500           3500
  TOTALDELAY     2893752         322         150        7373            500            500            500            500            500           1000           1000           6000

9:45
     MDDELAY     6919120         594         347        7621           1000           1000           1000           1000           1000           1500           1500           3500
  TOTALDELAY     2957937         317         147        7342            500            500            500            500            500           1000           1000           6000

9:46
     MDDELAY     8094217         579         344      387895           1000           1000           1000           1000           1000           1500           1500           3500
  TOTALDELAY     3427774         310         150        8113            500            500            500            500            500           1000           1000           6000

9:47
     MDDELAY     8113413         601         378        7433           1000           1000           1000           1000           1000           1500           1500           3000
  TOTALDELAY     3500602         306         170        7033            500            500            500            500            500           1000           1000           6000

9:48
     MDDELAY     9068631         575         339        7151           1000           1000           1000           1000           1000           1500           1500           3000
  TOTALDELAY     3876942         308         160        7245            500            500            500            500            500           1000           1000           6000

9:49
     MDDELAY     8347153         580         326        7156           1000           1000           1000           1000           1000           1500           1500           2500
  TOTALDELAY     3486556         306         162        6911            500            500            500            500            500           1000           1000           6000

9:50
     MDDELAY     7989695         593         355        8146           1000           1000           1000           1000           1000           1500           1500           3000
  TOTALDELAY     3484103         303         168        7279            500            500            500            500            500           1000           1000           6000

9:51
     MDDELAY     7594155         583         309        8569           1000           1000           1000           1000           1000           1500           1500           3000
  TOTALDELAY     3065565         307         169        8040            500            500            500            500            500           1000           1000           6000

9:52
     MDDELAY     7475761         589         348      136467           1000           1000           1000           1000           1000           1500           1500           3000
  TOTALDELAY     3139643         304         159        6616            500            500            500            500            500           1000           1000           6000

9:53
     MDDELAY     6199697         577         345        6858           1000           1000           1000           1000           1000           1500           1500           3000
  TOTALDELAY     2629030         303         159        6829            500            500            500            500            500           1000           1000           6000

9:54
     MDDELAY     6555669         585         356        7430           1000           1000           1000           1000           1000           1500           1500           3000
  TOTALDELAY     2748616         304         169        7881            500            500            500            500            500           1000           1000           6000

9:55
     MDDELAY     6067730         592         344        7440           1000           1000           1000           1000           1000           1500           1500           3000
  TOTALDELAY     2536404         308         169        6704            500            500            500            500            500           1000           1000           6000

9:56
     MDDELAY     5806040         583         359        7547           1000           1000           1000           1000           1000           1500           1500           3000
  TOTALDELAY     2396438         307         167        7783            500            500            500            500            500           1000           1000           6000

9:57
     MDDELAY     7023204         588         348        7488           1000           1000           1000           1000           1000           1500           1500           3500
  TOTALDELAY     2999689         311         170        7220            500            500            500            500            500           1000           1000           6000

9:58
     MDDELAY     6691976         590         353        7365           1000           1000           1000           1000           1000           1500           1500           3500
  TOTALDELAY     2700416         314         166        7239            500            500            500            500            500           1000           1000           6000

9:59
     MDDELAY     5661088         596         358        6789           1000           1000           1000           1000           1000           1500           1500           3000
  TOTALDELAY     2316617         311         163        6752            500            500            500            500            500           1000           1000           6000

10:0
     MDDELAY     6815952         579         321        7230           1000           1000           1000           1000           1000           1500           1500           3500
  TOTALDELAY     2892773         312         168        8082            500            500            500            500            500           1000           1000           6000

10:1
     MDDELAY     6374021         587         318        7563           1000           1000           1000           1000           1000           1500           1500           3500
  TOTALDELAY     2580177         313         168        7334            500            500            500            500            500           1000           1000           6000

10:2
     MDDELAY     7718988        6516         341    18539309           1000           1000           1000           1000           1000           1500           2000         100000
  TOTALDELAY     3137194         330         168      144572            500            500            500            500            500           1000           1000           6000
DELAYWITHORDER        6562         634         259        6048           1000           1000           1000           1000           1000           2000           2500           6500

10:3
     MDDELAY     6910847         577         347        7292           1000           1000           1000           1000           1000           1500           1500           3000
  TOTALDELAY     2855513         330         166        7060            500            500            500            500            500           1000           1000           6000
DELAYWITHORDER        2270         767         314        6116           1000           1000           1000           1500           1500           2000           3000           6500

10:4
     MDDELAY     6669055         598         373      136810           1000           1000           1000           1000           1000           1500           1500           3000
  TOTALDELAY     2794451         332         153        7366            500            500            500            500            500           1000           1000           6000
DELAYWITHORDER        2894         717         362        6278           1000           1000           1000           1500           1500           2000           2500           6500

10:5
     MDDELAY     5838854         585         349        7158           1000           1000           1000           1000           1000           1500           1500           3000
  TOTALDELAY     2363439         331         160        7440            500            500            500            500            500           1000           1000           6000
DELAYWITHORDER        2035         768         375        4339           1000           1000           1500           1500           1500           2000           2500           4500

10:6
     MDDELAY     5879044         584         332        7849           1000           1000           1000           1000           1000           1500           1500           3000
  TOTALDELAY     2330207         331         169        7514            500            500            500            500            500           1000           1000           6000
DELAYWITHORDER        1403         846         431        7232           1000           1500           1500           1500           1500           2000           3000           7500

10:7
     MDDELAY     6074557         591         334       15022           1000           1000           1000           1000           1000           1500           1500           3500
  TOTALDELAY     2471642         328         166        8224            500            500            500            500            500           1000           1000           6000
DELAYWITHORDER        1953         751         269        6168           1000           1000           1000           1500           1500           2000           6000           6500

10:8
     MDDELAY     5888080         583         306        8448           1000           1000           1000           1000           1000           1500           1500           3000
  TOTALDELAY     2412206         328         168        8827            500            500            500            500            500           1000           1000           6000
DELAYWITHORDER         532         948         479        2190           1500           1500           1500           2000           2000           2500           2500           2500

10:9
     MDDELAY     6753985         584         313        8664           1000           1000           1000           1000           1000           1500           1500           3000
  TOTALDELAY     2899556         322         168        7501            500            500            500            500            500           1000           1000           6000
DELAYWITHORDER        3920         639         251        6220           1000           1000           1000           1000           1500           2000           3000           6500

10:10
     MDDELAY     7658618         595         370        6554           1000           1000           1000           1000           1000           1500           1500           3000
  TOTALDELAY     3220557         321         169        6489            500            500            500            500            500           1000           1000           5500
DELAYWITHORDER        2522         759         340        4644           1000           1000           1500           1500           1500           2000           3000           5000

10:11
     MDDELAY     7415735        2122         337    18584082           1000           1000           1000           1000           1000           1500           2000         100000
  TOTALDELAY     3024529         314         169        8149            500            500            500            500            500           1000           1000           6000
DELAYWITHORDER       29247         609         248        6347           1000           1000           1000           1000           1000           1500           2000           6500

10:12
     MDDELAY     6287597        8554         352    18489866           1000           1000           1000           1000           1000           1500           2500         100000
  TOTALDELAY     2600881         319         168       18844            500            500            500            500            500           1000           1000           6000
DELAYWITHORDER       71551         608         229        6556           1000           1000           1000           1000           1000           1000           1500           6500

10:13
     MDDELAY     5281620        1382         342    18808969           1000           1000           1000           1000           1000           1500           2000           6500
  TOTALDELAY     1995352         316         164        7998            500            500            500            500            500           1000           1000           6000
DELAYWITHORDER      151577         392         180       12767            500            500           1000           1000           1000           1500           2500          10000

10:14
     MDDELAY     4359612         590         353        6937           1000           1000           1000           1000           1000           1500           1500           3000
  TOTALDELAY     1776709         303         158        7016            500            500            500            500            500           1000           1500           6000

10:15
     MDDELAY     3601168         582         332       11255           1000           1000           1000           1000           1000           1500           1500           2500
  TOTALDELAY     1500929         307         153        6772            500            500            500            500            500           1000           1500           6000

10:16
     MDDELAY     5151234         589         351        6579           1000           1000           1000           1000           1000           1500           1500           3000
  TOTALDELAY     2183619         305         158        9294            500            500            500            500            500           1000           1000           6000

10:17
     MDDELAY     5217105         592         343        6983           1000           1000           1000           1000           1000           1500           1500           2500
  TOTALDELAY     2176820         311         151        6443            500            500            500            500            500           1000           1000           6000

10:18
     MDDELAY     4834157         580         326        7203           1000           1000           1000           1000           1000           1500           1500           3000
  TOTALDELAY     2087260         309         163        6740            500            500            500            500            500           1000           1000           5500

10:19
     MDDELAY     4718638         590         337      142479           1000           1000           1000           1000           1000           1500           1500           3000
  TOTALDELAY     2029136         308         162        8455            500            500            500            500            500           1000           1000           6000

10:20
     MDDELAY     5492302         582         338        7191           1000           1000           1000           1000           1000           1500           1500           2500
  TOTALDELAY     2240943         311         160        7755            500            500            500            500            500           1000           1000           6000

10:21
     MDDELAY     5923859         593         353        7076           1000           1000           1000           1000           1000           1500           1500           3000
  TOTALDELAY     2539191         312         161        6707            500            500            500            500            500           1000           1000           6000

10:22
     MDDELAY     4759237         590         366        6757           1000           1000           1000           1000           1000           1500           1500           2500
  TOTALDELAY     1936226         305         158        6733            500            500            500            500            500           1000           1000           6000

10:23
     MDDELAY     4153994         590         352      194180           1000           1000           1000           1000           1000           1500           1500           3500
  TOTALDELAY     1768042         310         162      183089            500            500            500            500            500           1000           1500           6000

10:24
     MDDELAY     7474076         594         360        6791           1000           1000           1000           1000           1000           1500           1500           3000
  TOTALDELAY     3164562         315         161        6938            500            500            500            500            500           1000           1000           6000

10:25
     MDDELAY     8006689         580         323        8767           1000           1000           1000           1000           1000           1500           1500           3000
  TOTALDELAY     3442338         318         161        8903            500            500            500            500            500           1000           1000           6000

10:26
     MDDELAY     6613721        2552         345    18508790           1000           1000           1000           1000           1000           1500           2000         100000
  TOTALDELAY     2738408         327         149       10766            500            500            500            500            500           1000           1000           6000
DELAYWITHORDER       12047         576         298        6209           1000           1000           1000           1000           1000           1000           1500           6500

10:27
     MDDELAY     6642231        4460         358    17801228           1000           1000           1000           1000           1000           1500           2000         100000
  TOTALDELAY     2559960         324         161       11002            500            500            500            500            500           1000           1000           6000
DELAYWITHORDER      174444         427         184       12133           1000           1000           1000           1000           1000           1500           2000           9500

10:28
     MDDELAY     6148368         585         354        6595           1000           1000           1000           1000           1000           1500           1500           2500
  TOTALDELAY     2618518         324         162        6756            500            500            500            500            500           1000           1000           6000

10:29
     MDDELAY     5714116         580         345        6576           1000           1000           1000           1000           1000           1500           1500           3000
  TOTALDELAY     2390182         322         162        7031            500            500            500            500            500           1000           1000           6000

10:30
     MDDELAY     7033900         591         325        6842           1000           1000           1000           1000           1000           1500           1500           3000
  TOTALDELAY     3101417         319         158        7724            500            500            500            500            500           1000           1000           6000

10:31
     MDDELAY     6875135         595         342        7222           1000           1000           1000           1000           1000           1500           1500           3000
  TOTALDELAY     2928760         320         164        6855            500            500            500            500            500           1000           1000           6000

10:32
     MDDELAY     6512466         579         340        7433           1000           1000           1000           1000           1000           1500           1500           3000
  TOTALDELAY     2685499         322         158        7189            500            500            500            500            500           1000           1000           6000

10:33
     MDDELAY     6337423         589         358       46299           1000           1000           1000           1000           1000           1500           1500           3000
  TOTALDELAY     2633342         322         158        7084            500            500            500            500            500           1000           1000           6000

10:34
     MDDELAY     8171108         590         345        7119           1000           1000           1000           1000           1000           1500           1500           3000
  TOTALDELAY     3452325         322         159        7563            500            500            500            500            500           1000           1000           6000

10:35
     MDDELAY     7179338         575         332        7313           1000           1000           1000           1000           1000           1500           1500           3000
  TOTALDELAY     2995834         319         164        7528            500            500            500            500            500           1000           1000           6000

10:36
     MDDELAY     6159587         594         354        7339           1000           1000           1000           1000           1000           1500           1500           3000
  TOTALDELAY     2541193         320         164        7272            500            500            500            500            500           1000           1000           6000

10:37
     MDDELAY     5149756         587         347        7038           1000           1000           1000           1000           1000           1500           1500           3000
  TOTALDELAY     2201293         320         159        7303            500            500            500            500            500           1000           1000           6000

10:38
     MDDELAY     5011139         592         347        7436           1000           1000           1000           1000           1000           1500           1500           3000
  TOTALDELAY     2060440         317         160        7140            500            500            500            500            500           1000           1000           6500

10:39
     MDDELAY     4131263         580         340       10609           1000           1000           1000           1000           1000           1500           1500           2500
  TOTALDELAY     1691840         320         161        7954            500            500            500            500            500           1000           1000           6500

10:40
     MDDELAY     4966977         588         365       47795           1000           1000           1000           1000           1000           1500           1500           3000
  TOTALDELAY     2116936         317         160        7734            500            500            500            500            500           1000           1000           6000

10:41
     MDDELAY     7279103         587         323        8900           1000           1000           1000           1000           1000           1500           1500           3000
  TOTALDELAY     3147566         321         153        8591            500            500            500            500            500           1000           1000           6000

10:42
     MDDELAY     5968807         580         339        7207           1000           1000           1000           1000           1000           1500           1500           3000
  TOTALDELAY     2562806         321         157        7543            500            500            500            500            500           1000           1000           6000

10:43
     MDDELAY     4691005        7004         319    18597210           1000           1000           1000           1000           1000           1500           2000         100000
  TOTALDELAY     1975762         317         159       14423            500            500            500            500            500           1000           1000           6000

10:44
     MDDELAY     5440555         584         336        7119           1000           1000           1000           1000           1000           1500           1500           3000
  TOTALDELAY     2328167         318         162        7368            500            500            500            500            500           1000           1000           6000

10:45
     MDDELAY     6436125         591         350        7712           1000           1000           1000           1000           1000           1500           1500           3000
  TOTALDELAY     2758021         318         156        7760            500            500            500            500            500           1000           1000           6000

10:46
     MDDELAY     6356920         590         366        7944           1000           1000           1000           1000           1000           1500           1500           3000
  TOTALDELAY     2639831         316         159        8387            500            500            500            500            500           1000           1000           6000

10:47
     MDDELAY     6115987         590         343        7224           1000           1000           1000           1000           1000           1500           1500           3000
  TOTALDELAY     2683390         314         163        7541            500            500            500            500            500           1000           1000           6000

10:48
     MDDELAY     5864144         580         347        7896           1000           1000           1000           1000           1000           1500           1500           3000
  TOTALDELAY     2535333         316         159        9069            500            500            500            500            500           1000           1000           6500

10:49
     MDDELAY     5184734         590         338        7189           1000           1000           1000           1000           1000           1500           1500           3000
  TOTALDELAY     2189744         317         158        7994            500            500            500            500            500           1000           1000           6500

10:50
     MDDELAY     5586094         582         347        7985           1000           1000           1000           1000           1000           1500           1500           3000
  TOTALDELAY     2401785         319         161        8743            500            500            500            500            500           1000           1000           6500

10:51
     MDDELAY     7074170         592         325        7088           1000           1000           1000           1000           1000           1500           1500           3000
  TOTALDELAY     3027559         322         161        7523            500            500            500            500            500           1000           1000           6000

10:52
     MDDELAY     6072827         594         334        8699           1000           1000           1000           1000           1000           1500           1500           3000
  TOTALDELAY     2594244         317         157        8183            500            500            500            500            500           1000           1000           6000

10:53
     MDDELAY     4145596         587         352        7214           1000           1000           1000           1000           1000           1500           1500           3000
  TOTALDELAY     1749013         316         159        8705            500            500            500            500            500           1000           1000           6000

10:54
     MDDELAY     5685277         582         359        6887           1000           1000           1000           1000           1000           1500           1500           3000
  TOTALDELAY     2439289         316         158        8033            500            500            500            500            500           1000           1000           6000

10:55
     MDDELAY     6600372         583         319        7762           1000           1000           1000           1000           1000           1500           1500           3000
  TOTALDELAY     2891486         313         160        8051            500            500            500            500            500           1000           1000           6000

10:56
     MDDELAY     5208144         588         334        8005           1000           1000           1000           1000           1000           1500           1500           3000
  TOTALDELAY     2276792         315         157        7730            500            500            500            500            500           1000           1000           6000

10:57
     MDDELAY     5118601         582         337        8430           1000           1000           1000           1000           1000           1500           1500           2500
  TOTALDELAY     2202416         315         155        8802            500            500            500            500            500           1000           1000           6000

10:58
     MDDELAY     6344889         585         336        7053           1000           1000           1000           1000           1000           1500           1500           3000
  TOTALDELAY     2807901         315         160        7801            500            500            500            500            500           1000           1000           6000

10:59
     MDDELAY     5542831         587         352        7101           1000           1000           1000           1000           1000           1500           1500           3000
  TOTALDELAY     2377702         315         158        7479            500            500            500            500            500           1000           1000           6000

11:0
     MDDELAY     4998463         593         356        7129           1000           1000           1000           1000           1000           1500           1500           3000
  TOTALDELAY     2202154         319         155        7585            500            500            500            500            500           1000           1000           6000

11:1
     MDDELAY     6331570         590         355        8309           1000           1000           1000           1000           1000           1500           1500           3000
  TOTALDELAY     2662049         317         161        7624            500            500            500            500            500           1000           1000           6000

11:2
     MDDELAY     7380281         584         329        7126           1000           1000           1000           1000           1000           1500           1500           3000
  TOTALDELAY     3108980         318         162        7819            500            500            500            500            500           1000           1000           6000

11:3
     MDDELAY     5419625         587         321        7078           1000           1000           1000           1000           1000           1500           1500           2500
  TOTALDELAY     2177278         315         148        7659            500            500            500            500            500           1000           1000           6000

11:4
     MDDELAY     5083836         585         338        8034           1000           1000           1000           1000           1000           1500           1500           3000
  TOTALDELAY     2037803         319         160        7784            500            500            500            500            500           1000           1000           6000

11:5
     MDDELAY     4782446         588         352        7468           1000           1000           1000           1000           1000           1500           1500           3000
  TOTALDELAY     1949117         318         155        7924            500            500            500            500            500           1000           1000           6000

11:6
     MDDELAY     4836625         583         345        7121           1000           1000           1000           1000           1000           1500           1500           3000
  TOTALDELAY     2025773         317         160        7705            500            500            500            500            500           1000           1000           6000

11:7
     MDDELAY     4089895         587         351        7605           1000           1000           1000           1000           1000           1500           1500           3000
  TOTALDELAY     1688147         322         158        7858            500            500            500            500            500           1000           1000           6000

11:8
     MDDELAY     3856298         584         343        7378           1000           1000           1000           1000           1000           1500           1500           3000
  TOTALDELAY     1626849         323         159        7535            500            500            500            500            500           1000           1000           6000

11:9
     MDDELAY     3771994         596         352        7184           1000           1000           1000           1000           1000           1500           1500           3000
  TOTALDELAY     1573784         323         162        8309            500            500            500            500            500           1000           1000           6000

11:10
     MDDELAY     4834325         579         342        6966           1000           1000           1000           1000           1000           1500           1500           2500
  TOTALDELAY     2091392         318         162        7205            500            500            500            500            500           1000           1000           6000

11:11
     MDDELAY     4975188         596         362        6931           1000           1000           1000           1000           1000           1500           1500           3500
  TOTALDELAY     2096106         317         158        8211            500            500            500            500            500           1000           1000           6000

11:12
     MDDELAY     3865326         587         325        7242           1000           1000           1000           1000           1000           1500           1500           3000
  TOTALDELAY     1678965         315         160        7737            500            500            500            500            500           1000           1000           6000

